Your input-parameter file: parameter.txt
REFPDBNAME <- ../samp/for_rmsd/pdbtopdb/crystal_1st_prot.pdb
STARTCHAIN <- B
ENDCHAIN <- B
STARTRES <- 210
ENDRES <- 222

please confirm the boader line of residue-range for rmsd calculation 
intra_start = 3167
intra_end = 3386
ATOM   3167  O   CYSSB 209       3.718  17.143  11.874 16.00 -0.57           O
ATOM   3168  N   ALA B 210       2.720  17.685  13.807 14.01 -0.42           N
...
ATOM   3387  O   TYR B 222       6.157  15.013  14.786 16.00 -0.57           O
ATOM   3388  N   TRP B 223       7.560  14.771  13.040 14.01 -0.42           N
RMSDMODE <- pdb
RMSDATOM <- heavy

begin to calculate RMSD between pdb and pdb 
PDBNAME <- ../samp/for_rmsd/pdbtopdb/final_md_small_prot.pdb
Total_atom of pdb = 3547
Atoms in region between STARTRES and ENDRES = 220
Atoms selected for rmsd calculation = 112
Rejected atoms are as follows (Selected: heavy )
!CA atoms = 0
!CA & !N & !C & !O atoms = 0
element H (Hydrogens) = 108
residue name WAT (Water atoms) = 0
residue name CIM (minus ions) = 0
residue name CIP (plus ions) = 0
center of mass of vec-num. 0 = 6.70307
center of mass of vec-num. 1 = 15.6905
center of mass of vec-num. 2 = 22.6548
center of mass of vec-num. 3 = -0.393875
center of mass of vec-num. 4 = -12.5823
center of mass of vec-num. 5 = 3.11907
symmetry matrix B
 32.3663  11.4013  16.9567 -5.31539
 11.4013  36.3397 -6.01018 -6.12385
 16.9567 -6.01018  21.9942  12.9736
-5.31539 -6.12385  12.9736  32.4211
rotation matrix q
 -0.297851  -0.027981  -0.954202
  0.724467   0.644287  -0.245033
  0.621637  -0.764272  -0.171630
RMSD of all atoms in protein = 2.52641 A 
RMSD of selected atoms = 1.87966 A, selection = heavy
SUPERPDB <- zzz.pdb
itazura

it took 0.28 sec of CPU to execute this program
